acetaldehyde, CC2
Singlet exci./eV: [ 4.99601 8.46505 9.20107 9.35601 9.41286 9.80435 10.30297]

acetaldehyde, RPA
Singlet exci./eV: [16.288061 16.288061 16.760795 17.864142 21.930328 21.930328 24.395504 24.395504 24.433577 24.433577]
Triplet exci./eV: [16.365619 16.365619 17.355263 18.089228 22.927047 22.927047 24.513791 24.513791 24.931038 24.931038]

acetaldehyde, spin-orb
Singlet exci./eV: [ 1.275809  1.275809  8.113921  9.115944  9.115944  9.752949 12.737933 12.737933 13.326961 13.326961]
Triplet exci./eV: [ 1.035446  1.035446  7.729071  8.84471   9.003003  9.003003  9.741524  9.741524 12.57247  12.590344]

acetaldehyde, spin-free-orb
Singlet exci./eV: [24.557138 24.557138 27.823051 28.019832 29.980852 29.980852 38.954125 38.954125 39.291064 39.291064]
Triplet exci./eV: [ 8.214657  8.289792  8.342874  8.342874  8.42705   8.42705   8.507855  8.507855  8.654163 10.411992]
Be, spin-free-orb
Singlet exci./eV: [27.8714833026 27.8714833026 27.8714833026 32.2148120884 42.0720243505 42.0720243505 42.0720243505 47.4180570679 47.4180570679 47.4180570679]
Triplet exci./eV: [-34.6696638685 -34.6696638685 -34.6696638685 -31.4766027853 -22.6032966926 -22.6032966926 -22.6032966926 -22.6032966926 -22.6032966926 -17.9511738776]

Be, spin-orb
Singlet exci./eV: [12.2804270214 12.2804270214 12.2804270214 13.6694715764 15.7744338981 15.7744338981 15.7744338981 19.8059315045 19.8059315045 19.8059315045]
Triplet exci./eV: [12.2919003506 12.2919003506 12.2919003506 13.8240485664 17.9474905996 17.9474905996 17.9474905996 20.1133068498 20.1133068498 20.1133068498]

Be, spin-free-orb
Singlet exci./eV: [27.871483303  27.871483303  27.871483303  32.2148120888 42.0720243503 42.0720243503 42.0720243503 47.418057068  47.418057068  47.418057068 ]
Triplet exci./eV: [-34.6696638685 -34.6696638685 -34.6696638685 -31.4766027857 -22.6032966926 -22.6032966926 -22.6032966926 -22.6032966926 -22.6032966926 -17.9511738776]

Be, spin-orb
Singlet exci./eV: [12.2804270216 12.2804270216 12.2804270216 13.6694715765 15.7744338979 15.7744338979 15.7744338979 19.8059315045 19.8059315045 19.8059315045]
Triplet exci./eV: [12.2919003507 12.2919003507 12.2919003507 13.8240485666 17.9474905997 17.9474905997 17.9474905997 20.1133068499 20.1133068499 20.1133068499]

Be, spin-free-orb
Singlet exci./eV: [27.8714833036 27.8714833036 27.8714833036 32.2148120894 42.0720243501 42.0720243501 42.0720243501 47.4180570683 47.4180570683 47.4180570683]
Triplet exci./eV: [-34.6696638685 -34.6696638685 -34.6696638685 -31.4766027861 -22.6032966926 -22.6032966926 -22.6032966926 -22.6032966926 -22.6032966926 -17.9511738776]

Be, spin-orb
Singlet exci./eV: [12.2804270219 12.2804270219 12.2804270219 13.6694715768 15.7744338977 15.7744338977 15.7744338977 19.8059315047 19.8059315047 19.8059315047]
Triplet exci./eV: [12.2919003511 12.2919003511 12.2919003511 13.824048567  17.9474905998 17.9474905998 17.9474905998 20.1133068501 20.1133068501 20.1133068501]

Be, spin-free-orb
Singlet exci./eV: [27.8714833029 27.8714833029 27.8714833029 32.2148120887 42.0720243503 42.0720243503 42.0720243503 47.418057068  47.418057068  47.418057068 ]
Triplet exci./eV: [-34.6696638685 -34.6696638685 -34.6696638685 -31.4766027857 -22.6032966926 -22.6032966926 -22.6032966926 -22.6032966926 -22.6032966926 -17.9511738776]

Be, spin-orb
Singlet exci./eV: [12.2804270215 12.2804270215 12.2804270215 13.6694715765 15.7744338979 15.7744338979 15.7744338979 19.8059315045 19.8059315045 19.8059315045]
Triplet exci./eV: [12.2919003507 12.2919003507 12.2919003507 13.8240485665 17.9474905997 17.9474905997 17.9474905997 20.1133068499 20.1133068499 20.1133068499]

Be, spin-free-orb
Singlet exci./eV: [24.5857729419 24.5857729419 24.5857729419 27.6153893767 35.3728376412 35.3728376412 35.3728376412 40.1563762384 40.1563762384 40.1563762384]
Triplet exci./eV: [-8.3665962811 -4.1766347173 -4.1766347173 -4.1766347173 -2.899112295  -2.899112295  -2.899112295  -2.2817436212 -1.6141284188 -1.6141284188]

Be, spin-orb
Singlet exci./eV: [12.2804270212 12.2804270212 12.2804270212 13.6694715762 15.7744338982 15.7744338982 15.7744338982 19.8059315044 19.8059315044 19.8059315044]
Triplet exci./eV: [12.2919003504 12.2919003504 12.2919003504 13.8240485662 17.9474905996 17.9474905996 17.9474905996 20.1133068497 20.1133068497 20.1133068497]

Be, spin-free-orb
Singlet exci./eV: [24.5857729428 24.5857729428 24.5857729428 27.6153893778 35.3728376413 35.3728376413 35.3728376413 40.1563762389 40.1563762389 40.1563762389]
Triplet exci./eV: [-8.3665962812 -4.1766347168 -4.1766347168 -4.1766347168 -2.899112295  -2.899112295  -2.899112295  -2.2817436213 -1.6141284186 -1.6141284186]

Be, spin-orb
Singlet exci./eV: [12.2804270217 12.2804270217 12.2804270217 13.6694715766 15.7744338978 15.7744338978 15.7744338978 19.8059315046 19.8059315046 19.8059315046]
Triplet exci./eV: [12.2919003509 12.2919003509 12.2919003509 13.8240485667 17.9474905997 17.9474905997 17.9474905997 20.11330685   20.11330685   20.11330685  ]

Be, spin-free-orb
Singlet exci./eV: [27.8714833031 27.8714833031 27.8714833031 32.2148120889 42.0720243502 42.0720243502 42.0720243502 47.4180570681 47.4180570681 47.4180570681]
Triplet exci./eV: [-34.6696638685 -34.6696638685 -34.6696638685 -31.4766027857 -22.6032966926 -22.6032966926 -22.6032966926 -22.6032966926 -22.6032966926 -17.9511738776]

Be, spin-orb
Singlet exci./eV: [12.2804270216 12.2804270216 12.2804270216 13.6694715766 15.7744338979 15.7744338979 15.7744338979 19.8059315046 19.8059315046 19.8059315046]
Triplet exci./eV: [12.2919003508 12.2919003508 12.2919003508 13.8240485667 17.9474905997 17.9474905997 17.9474905997 20.11330685   20.11330685   20.11330685  ]

Be, spin-free-orb
Singlet exci./eV: [27.871483303  27.871483303  27.871483303  32.2148120888 42.0720243502 42.0720243502 42.0720243502 47.4180570681 47.4180570681 47.4180570681]
Triplet exci./eV: [-34.6696638685 -34.6696638685 -34.6696638685 -31.4766027856 -22.6032966926 -22.6032966926 -22.6032966926 -22.6032966926 -22.6032966926 -17.9511738776]

Be, spin-orb
Singlet exci./eV: [12.2804270216 12.2804270216 12.2804270216 13.6694715766 15.7744338979 15.7744338979 15.7744338979 19.8059315045 19.8059315045 19.8059315045]
Triplet exci./eV: [12.2919003508 12.2919003508 12.2919003508 13.8240485666 17.9474905997 17.9474905997 17.9474905997 20.11330685   20.11330685   20.11330685  ]

Be, spin-free-orb
Singlet exci./eV: [24.5857729428 24.5857729428 24.5857729428 27.6153893777 35.3728376413 35.3728376413 35.3728376413 40.1563762389 40.1563762389 40.1563762389]
Triplet exci./eV: [-8.3665962812 -4.1766347168 -4.1766347168 -4.1766347168 -2.899112295  -2.899112295  -2.899112295  -2.2817436213 -1.6141284186 -1.6141284186]

Be, spin-orb
Singlet exci./eV: [12.2804270217 12.2804270217 12.2804270217 13.6694715766 15.7744338978 15.7744338978 15.7744338978 19.8059315046 19.8059315046 19.8059315046]
Triplet exci./eV: [12.2919003508 12.2919003508 12.2919003508 13.8240485667 17.9474905997 17.9474905997 17.9474905997 20.11330685   20.11330685   20.11330685  ]

Be, spin-free-orb
Singlet exci./eV: [24.5857729424 24.5857729424 24.5857729424 27.6153893772 35.3728376413 35.3728376413 35.3728376413 40.1563762387 40.1563762387 40.1563762387]
Triplet exci./eV: [-8.3665962812 -4.1766347171 -4.1766347171 -4.1766347171 -2.899112295  -2.899112295  -2.899112295  -2.2817436212 -1.6141284187 -1.6141284187]

Be, spin-orb
Singlet exci./eV: [12.2804270214 12.2804270214 12.2804270214 13.6694715764 15.7744338981 15.7744338981 15.7744338981 19.8059315045 19.8059315045 19.8059315045]
Triplet exci./eV: [12.2919003506 12.2919003506 12.2919003506 13.8240485664 17.9474905997 17.9474905997 17.9474905997 20.1133068499 20.1133068499 20.1133068499]

Be, spin-free-orb
Singlet exci./eV: [24.5857729433 24.5857729433 24.5857729433 27.6153893783 35.3728376414 35.3728376414 35.3728376414 40.1563762392 40.1563762392 40.1563762392]
Triplet exci./eV: [-8.3665962813 -4.1766347166 -4.1766347166 -4.1766347166 -2.8991122949 -2.8991122949 -2.8991122949 -2.2817436213 -1.6141284185 -1.6141284185]

Be, spin-orb
Singlet exci./eV: [12.2804270219 12.2804270219 12.2804270219 13.6694715768 15.7744338976 15.7744338976 15.7744338976 19.8059315046 19.8059315046 19.8059315046]
Triplet exci./eV: [12.2919003511 12.2919003511 12.2919003511 13.824048567  17.9474905998 17.9474905998 17.9474905998 20.1133068502 20.1133068502 20.1133068502]

Be, spin-free-orb
Singlet exci./eV: [27.8714833022 27.8714833022 27.8714833022 32.214812088  42.0720243506 42.0720243506 42.0720243506 47.4180570677 47.4180570677 47.4180570677]
Triplet exci./eV: [-34.6696638685 -34.6696638685 -34.6696638685 -31.4766027851 -22.6032966926 -22.6032966926 -22.6032966926 -22.6032966926 -22.6032966926 -17.9511738776]

Be, spin-orb
Singlet exci./eV: [12.2804270212 12.2804270212 12.2804270212 13.6694715762 15.7744338982 15.7744338982 15.7744338982 19.8059315044 19.8059315044 19.8059315044]
Triplet exci./eV: [12.2919003504 12.2919003504 12.2919003504 13.8240485661 17.9474905996 17.9474905996 17.9474905996 20.1133068497 20.1133068497 20.1133068497]

Be, spin-free-orb
Singlet exci./eV: [24.5748358934 24.5748358934 24.5748358934 27.4064644373 33.1544701814 33.1544701814 33.1544701814 39.7020814679 39.7020814679 39.7020814679]
Triplet exci./eV: [-0.5773043668 -0.5773043668 -0.5773043668 -0.0138636297 -0.0138636297 -0.0138636297 -0.0138636297 -0.0138636297 -0.0002695042 -0.0002695042]

Be, spin-orb
Singlet exci./eV: [12.2804270225 12.2804270225 12.2804270225 13.6694715774 15.774433897  15.774433897  15.774433897  19.8059315048 19.8059315048 19.8059315048]
Triplet exci./eV: [12.2919003517 12.2919003517 12.2919003517 13.8240485678 17.9474906    17.9474906    17.9474906    20.1133068505 20.1133068505 20.1133068505]

Be, spin-free-orb
Singlet exci./eV: [24.5857729437 24.5857729437 24.5857729437 27.6153893788 35.3728376414 35.3728376414 35.3728376414 40.1563762395 40.1563762395 40.1563762395]
Triplet exci./eV: [-8.3665962813 -4.1766347164 -4.1766347164 -4.1766347164 -2.8991122949 -2.8991122949 -2.8991122949 -2.2817436213 -1.6141284184 -1.6141284184]

Be, spin-orb
Singlet exci./eV: [12.2804270221 12.2804270221 12.2804270221 13.669471577  15.7744338974 15.7744338974 15.7744338974 19.8059315047 19.8059315047 19.8059315047]
Triplet exci./eV: [12.2919003513 12.2919003513 12.2919003513 13.8240485673 17.9474905999 17.9474905999 17.9474905999 20.1133068503 20.1133068503 20.1133068503]

Be, spin-free-orb
Singlet exci./eV: [24.585772943  24.585772943  24.585772943  27.6153893779 35.3728376414 35.3728376414 35.3728376414 40.1563762391 40.1563762391 40.1563762391]
Triplet exci./eV: [-8.3665962812 -4.1766347168 -4.1766347168 -4.1766347168 -2.899112295  -2.899112295  -2.899112295  -2.2817436212 -1.6141284186 -1.6141284186]

Be, spin-orb
Singlet exci./eV: [6.3106164103 6.3106164103 6.3106164103 7.2956100408 7.9685981721 7.9685981721 7.9685981721 9.8615776192 9.8615776192 9.8615776192]
Triplet exci./eV: [4.3340311931 4.3340311931 4.3340311931 6.8279740856 7.7522966773 7.7522966773 7.7522966773 9.3724396542 9.3724396542 9.3724396542]

Be, spin-free-orb
Singlet exci./eV: [24.585772944  24.585772944  24.585772944  27.6153893791 35.3728376415 35.3728376415 35.3728376415 40.1563762397 40.1563762397 40.1563762397]
Triplet exci./eV: [-8.3665962814 -4.1766347163 -4.1766347163 -4.1766347163 -2.8991122949 -2.8991122949 -2.8991122949 -2.2817436213 -1.6141284183 -1.6141284183]

Be, spin-free-orb
Singlet exci./eV: [24.5857729444 24.5857729444 24.5857729444 27.6153893795 35.3728376415 35.3728376415 35.3728376415 40.1563762398 40.1563762398 40.1563762398]
Triplet exci./eV: [-8.3665962814 -4.1766347161 -4.1766347161 -4.1766347161 -2.8991122949 -2.8991122949 -2.8991122949 -2.2817436214 -1.6141284183 -1.6141284183]

Be, spin-free-orb
Singlet exci./eV: [24.5857729433 24.5857729433 24.5857729433 27.6153893783 35.3728376414 35.3728376414 35.3728376414 40.1563762392 40.1563762392 40.1563762392]
Triplet exci./eV: [-8.3665962813 -4.1766347166 -4.1766347166 -4.1766347166 -2.899112295  -2.899112295  -2.899112295  -2.2817436213 -1.6141284185 -1.6141284185]

Be, spin-orb
Singlet exci./eV: [12.2804270219 12.2804270219 12.2804270219 13.6694715768 15.7744338976 15.7744338976 15.7744338976 19.8059315047 19.8059315047 19.8059315047]
Triplet exci./eV: [12.2919003511 12.2919003511 12.2919003511 13.824048567  17.9474905998 17.9474905998 17.9474905998 20.1133068502 20.1133068502 20.1133068502]

Be, spin-free-orb
Singlet exci./eV: [24.5857729436 24.5857729436 24.5857729436 27.6153893787 35.3728376415 35.3728376415 35.3728376415 40.1563762394 40.1563762394 40.1563762394]
Triplet exci./eV: [-8.3665962813 -4.1766347165 -4.1766347165 -4.1766347165 -2.8991122949 -2.8991122949 -2.8991122949 -2.2817436213 -1.6141284184 -1.6141284184]

Be, spin-orb
Singlet exci./eV: [12.2804270221 12.2804270221 12.2804270221 13.669471577  15.7744338975 15.7744338975 15.7744338975 19.8059315047 19.8059315047 19.8059315047]
Triplet exci./eV: [12.2919003512 12.2919003512 12.2919003512 13.8240485672 17.9474905999 17.9474905999 17.9474905999 20.1133068503 20.1133068503 20.1133068503]

Be, spin-free-orb
Singlet exci./eV: [24.5857729421 24.5857729421 24.5857729421 27.6153893769 35.3728376412 35.3728376412 35.3728376412 40.1563762385 40.1563762385 40.1563762385]
Triplet exci./eV: [-8.3665962811 -4.1766347172 -4.1766347172 -4.1766347172 -2.899112295  -2.899112295  -2.899112295  -2.2817436212 -1.6141284187 -1.6141284187]

Be, spin-orb
Singlet exci./eV: [12.2804270213 12.2804270213 12.2804270213 13.6694715763 15.7744338982 15.7744338982 15.7744338982 19.8059315045 19.8059315045 19.8059315045]
Triplet exci./eV: [12.2919003505 12.2919003505 12.2919003505 13.8240485663 17.9474905996 17.9474905996 17.9474905996 20.1133068498 20.1133068498 20.1133068498]

Be, spin-free-orb
Singlet exci./eV: [24.5857729424 24.5857729424 24.5857729424 27.6153893772 35.3728376413 35.3728376413 35.3728376413 40.1563762387 40.1563762387 40.1563762387]
Triplet exci./eV: [-8.3665962812 -4.1766347171 -4.1766347171 -4.1766347171 -2.899112295  -2.899112295  -2.899112295  -2.2817436212 -1.6141284187 -1.6141284187]

Be, spin-orb
Singlet exci./eV: [12.2804270215 12.2804270215 12.2804270215 13.6694715765 15.774433898  15.774433898  15.774433898  19.8059315045 19.8059315045 19.8059315045]
Triplet exci./eV: [12.2919003506 12.2919003506 12.2919003506 13.8240485664 17.9474905997 17.9474905997 17.9474905997 20.1133068499 20.1133068499 20.1133068499]

H2, spin-free-orb
Singlet exci./eV: [ 58.7578666716  83.5096875481 101.5989844999 131.1962677344 131.1962677344 149.1715121408 159.6212044257 159.6212044257 204.960705065 ]
Triplet exci./eV: [-8.6440850626 -4.6336966134 -4.2376113307 -4.2376113307 -2.3487956561 -2.3487956561 -2.2834682518 -2.0518665804 -0.5106091287]

H2, spin-orb
Singlet exci./eV: [24.7647562322 37.5974434689 44.2044190075 60.5676196455 60.5676196455 70.5088176181 77.0563066187 77.0563066187 99.8360736762]
Triplet exci./eV: [ 30.1027479847  42.4326983862  52.3083802171  66.3910367582  66.3910367582  75.2250753504  80.2161021508  80.2161021508 102.8946183471]

H2, spin-free-orb
Singlet exci./eV: [ 68.3737475794  94.8191598471 113.2543854856 146.5628475056 146.5628475056 166.2039755956 177.5604262689 177.5604262689 224.1346890993]
Triplet exci./eV: [-22.4945376908 -20.6069902342 -20.2880175022 -20.2880175022 -19.6041911052 -19.6041911052 -17.4980916972 -14.6521103868 -11.6591973168]

H2, spin-orb
Singlet exci./eV: [24.7647562316 37.5974434692 44.2044190074 60.5676196441 60.5676196441 70.5088176168 77.0563066173 77.0563066173 99.8360736748]
Triplet exci./eV: [ 30.1027479852  42.4326983872  52.3083802155  66.3910367563  66.3910367563  75.2250753486  80.2161021494  80.2161021494 102.8946183451]

H2, spin-free-orb
Singlet exci./eV: [ 58.7578666718  83.5096875484 101.5989844993 131.1962677336 131.1962677336 149.17151214   159.6212044251 159.6212044251 204.9607050643]
Triplet exci./eV: [-8.6440850624 -4.6336966134 -4.2376113306 -4.2376113306 -2.3487956561 -2.3487956561 -2.2834682518 -2.0518665804 -0.5106091288]

H2, spin-orb
Singlet exci./eV: [24.7647562321 37.597443469  44.2044190075 60.5676196452 60.5676196452 70.5088176178 77.0563066184 77.0563066184 99.8360736759]
Triplet exci./eV: [ 30.1027479848  42.4326983864  52.3083802168  66.3910367578  66.3910367578  75.22507535    80.2161021505  80.2161021505 102.8946183467]

H2, spin-free-orb
Singlet exci./eV: [ 58.7578666725  83.5096875506 101.5989844958 131.1962677291 131.1962677291 149.1715121356 159.6212044215 159.6212044215 204.9607050596]
Triplet exci./eV: [-8.6440850612 -4.6336966133 -4.2376113302 -4.2376113302 -2.348795656  -2.348795656  -2.2834682521 -2.0518665805 -0.510609129 ]

H2, spin-orb
Singlet exci./eV: [24.7647562313 37.5974434693 44.2044190074 60.5676196434 60.5676196434 70.5088176162 77.0563066167 77.0563066167 99.8360736742]
Triplet exci./eV: [ 30.1027479854  42.4326983876  52.3083802147  66.3910367554  66.3910367554  75.2250753478  80.2161021487  80.2161021487 102.8946183442]

H2, spin-free-orb
Singlet exci./eV: [ 58.7578666718  83.5096875484 101.5989844993 131.1962677336 131.1962677336 149.17151214   159.6212044251 159.6212044251 204.9607050643]
Triplet exci./eV: [-8.6440850624 -4.6336966134 -4.2376113306 -4.2376113306 -2.3487956561 -2.3487956561 -2.2834682518 -2.0518665804 -0.5106091288]

H2, spin-orb
Singlet exci./eV: [24.7647562321 37.597443469  44.2044190075 60.5676196452 60.5676196452 70.5088176178 77.0563066184 77.0563066184 99.8360736759]
Triplet exci./eV: [ 30.1027479848  42.4326983864  52.3083802168  66.3910367578  66.3910367578  75.22507535    80.2161021505  80.2161021505 102.8946183467]

H2, spin-free-orb
Singlet exci./eV: [ 58.7578666718  83.5096875484 101.5989844993 131.1962677336 131.1962677336 149.17151214   159.6212044251 159.6212044251 204.9607050643]
Triplet exci./eV: [-8.6440850624 -4.6336966134 -4.2376113306 -4.2376113306 -2.3487956561 -2.3487956561 -2.2834682518 -2.0518665804 -0.5106091288]

H2, spin-orb
Singlet exci./eV: [24.7647562321 37.597443469  44.2044190075 60.5676196452 60.5676196452 70.5088176178 77.0563066184 77.0563066184 99.8360736759]
Triplet exci./eV: [ 30.1027479848  42.4326983864  52.3083802168  66.3910367578  66.3910367578  75.22507535    80.2161021505  80.2161021505 102.8946183467]

H2, spin-free-orb
Singlet exci./eV: [ 58.7578666722  83.5096875498 101.598984497  131.1962677307 131.1962677307 149.1715121372 159.6212044228 159.6212044228 204.9607050612]
Triplet exci./eV: [-8.6440850616 -4.6336966133 -4.2376113303 -4.2376113303 -2.3487956561 -2.3487956561 -2.283468252  -2.0518665804 -0.5106091289]

H2, spin-orb
Singlet exci./eV: [24.7647562316 37.5974434692 44.2044190074 60.5676196441 60.5676196441 70.5088176168 77.0563066173 77.0563066173 99.8360736748]
Triplet exci./eV: [ 30.1027479852  42.4326983872  52.3083802155  66.3910367563  66.3910367563  75.2250753486  80.2161021494  80.2161021494 102.8946183451]

H2, spin-free-orb
Singlet exci./eV: [ 58.7578666722  83.5096875498 101.598984497  131.1962677307 131.1962677307 149.1715121372 159.6212044228 159.6212044228 204.9607050612]
Triplet exci./eV: [-8.6440850616 -4.6336966133 -4.2376113303 -4.2376113303 -2.3487956561 -2.3487956561 -2.283468252  -2.0518665804 -0.5106091289]

H2, spin-orb
Singlet exci./eV: [24.7647562316 37.5974434692 44.2044190074 60.5676196441 60.5676196441 70.5088176168 77.0563066173 77.0563066173 99.8360736748]
Triplet exci./eV: [ 30.1027479852  42.4326983872  52.3083802155  66.3910367563  66.3910367563  75.2250753486  80.2161021494  80.2161021494 102.8946183451]

H2, spin-free-orb
Singlet exci./eV: [ 58.7578666718  83.5096875484 101.5989844993 131.1962677336 131.1962677336 149.17151214   159.6212044251 159.6212044251 204.9607050643]
Triplet exci./eV: [-8.6440850624 -4.6336966134 -4.2376113306 -4.2376113306 -2.3487956561 -2.3487956561 -2.2834682518 -2.0518665804 -0.5106091288]

H2, spin-orb
Singlet exci./eV: [24.7647562321 37.597443469  44.2044190075 60.5676196452 60.5676196452 70.5088176178 77.0563066184 77.0563066184 99.8360736759]
Triplet exci./eV: [ 30.1027479848  42.4326983864  52.3083802168  66.3910367578  66.3910367578  75.22507535    80.2161021505  80.2161021505 102.8946183467]

H2, spin-free-orb
Singlet exci./eV: [ 68.3737475794  94.8191598471 113.2543854856 146.5628475056 146.5628475056 166.2039755956 177.5604262689 177.5604262689 224.1346890993]
Triplet exci./eV: [-22.4945376908 -20.6069902342 -20.2880175022 -20.2880175022 -19.6041911052 -19.6041911052 -17.4980916972 -14.6521103868 -11.6591973168]

H2, spin-orb
Singlet exci./eV: [24.7647562316 37.5974434692 44.2044190074 60.5676196441 60.5676196441 70.5088176168 77.0563066173 77.0563066173 99.8360736748]
Triplet exci./eV: [ 30.1027479852  42.4326983872  52.3083802155  66.3910367563  66.3910367563  75.2250753486  80.2161021494  80.2161021494 102.8946183451]

H2, spin-free-orb
Singlet exci./eV: [16.1825124205 22.2527659098 26.7465923524 29.3503666753 29.3503666753 30.0733126284 30.0733126284 31.1014373321 34.4193292142]
Triplet exci./eV: [-7.5115361922 -4.4275250809 -4.1076598265 -4.1076598265 -2.3277446631 -2.3277446631 -2.2431701624 -2.022007107  -0.5042050188]

H2, spin-free-orb
Singlet exci./eV: [16.1825124207 22.2527659096 26.7465923534 29.3503666767 29.3503666767 30.0733126301 30.0733126301 31.1014373335 34.4193292166]
Triplet exci./eV: [-7.5115361929 -4.4275250809 -4.1076598268 -4.1076598268 -2.3277446631 -2.3277446631 -2.2431701622 -2.022007107  -0.5042050187]

H2, spin-orb
Singlet exci./eV: [ 6.0126232271  7.5126636771  8.1305129854 10.2443865171 10.2443865171 11.3819601607 11.9594812314 11.9594812314 12.8203744111]
Triplet exci./eV: [ 8.2041737548 11.58724291   13.9245591515 15.0631407822 15.0631407822 15.7212662862 15.7212662862 16.201641252  18.2184421422]

H2, spin-free-orb
Singlet exci./eV: [16.1825124205 22.2527659099 26.7465923523 29.3503666751 29.3503666751 30.0733126281 30.0733126281 31.1014373319 34.4193292138]
Triplet exci./eV: [-7.5115361921 -4.4275250809 -4.1076598265 -4.1076598265 -2.3277446631 -2.3277446631 -2.2431701625 -2.0220071071 -0.5042050188]

H2, spin-orb
Singlet exci./eV: [ 6.0126232263  7.5126636768  8.1305129854 10.2443865165 10.2443865165 11.3819601602 11.9594812306 11.9594812306 12.8203744106]
Triplet exci./eV: [ 8.2041737547 11.5872429102 13.924559151  15.0631407814 15.0631407814 15.7212662851 15.7212662851 16.2016412512 18.2184421405]

H2, spin-free-orb
Singlet exci./eV: [26.8987060723 33.8455677538 39.1018866691 45.439892403  45.439892403  47.2895885212 47.2895885212 47.8505712436 51.7931071789]
Triplet exci./eV: [-22.1970459338 -20.5073876758 -20.2669665091 -20.2669665091 -19.4742396013 -19.4742396013 -16.7579514296 -14.505243323  -11.5280168881]

H2, spin-orb
Singlet exci./eV: [ 6.0126232264  7.5126636768  8.1305129854 10.2443865165 10.2443865165 11.3819601602 11.9594812307 11.9594812307 12.8203744106]
Triplet exci./eV: [ 8.2041737547 11.5872429102 13.924559151  15.0631407814 15.0631407814 15.7212662852 15.7212662852 16.2016412512 18.2184421406]

H2, spin-free-orb
Singlet exci./eV: [26.8987060724 33.8455677538 39.1018866693 45.4398924033 45.4398924033 47.2895885215 47.2895885215 47.8505712438 51.7931071791]
Triplet exci./eV: [-22.1970459339 -20.5073876759 -20.2669665092 -20.2669665092 -19.4742396014 -19.4742396014 -16.7579514297 -14.5052433231 -11.5280168882]

H2, spin-orb
Singlet exci./eV: [ 6.0126232265  7.5126636769  8.1305129854 10.2443865166 10.2443865166 11.3819601602 11.9594812307 11.9594812307 12.8203744107]
Triplet exci./eV: [ 8.2041737547 11.5872429102 13.9245591511 15.0631407815 15.0631407815 15.7212662853 15.7212662853 16.2016412513 18.2184421408]

H2, spin-free-orb
Singlet exci./eV: [16.1825124205 22.2527659099 26.7465923523 29.3503666751 29.3503666751 30.0733126281 30.0733126281 31.1014373319 34.4193292137]
Triplet exci./eV: [-7.5115361921 -4.4275250809 -4.1076598265 -4.1076598265 -2.3277446631 -2.3277446631 -2.2431701625 -2.0220071071 -0.5042050188]

H2, spin-orb
Singlet exci./eV: [ 6.0126232263  7.5126636768  8.1305129854 10.2443865165 10.2443865165 11.3819601602 11.9594812306 11.9594812306 12.8203744106]
Triplet exci./eV: [ 8.2041737547 11.5872429102 13.924559151  15.0631407814 15.0631407814 15.7212662851 15.7212662851 16.2016412512 18.2184421405]

H2, spin-free-orb
Singlet exci./eV: [11.8263499927 15.4985488182 18.3888912644 20.8434595436 20.8434595436 21.0428813969 21.0428813969 21.7376472619 23.6136891007]
Triplet exci./eV: [3.0063116132 3.7563318384 4.0652564927 5.1221932583 5.1221932583 5.6909800801 5.9797406154 5.9797406154 6.4101872053]

H2, spin-orb
Singlet exci./eV: [ 6.0126232265  7.5126636769  8.1305129854 10.2443865166 10.2443865166 11.3819601602 11.9594812307 11.9594812307 12.8203744107]
Triplet exci./eV: [ 8.2041737547 11.5872429102 13.9245591511 15.0631407815 15.0631407815 15.7212662853 15.7212662853 16.2016412513 18.2184421408]

H2, spin-free-orb
Singlet exci./eV: [15.3706891847 19.3403244308 22.3439352406 25.9656528031 25.9656528031 27.0226220135 27.0226220135 27.3431835689 29.5960612465]
Triplet exci./eV: [0. 0. 0. 0. 0. 0. 0. 0. 0.]

H2, spin-orb
Singlet exci./eV: [ 6.012623227   7.5126636771  8.1305129854 10.2443865171 10.2443865171 11.3819601607 11.9594812313 11.9594812313 12.8203744111]
Triplet exci./eV: [ 8.2041737547 11.5872429101 13.9245591515 15.0631407822 15.0631407822 15.7212662861 15.7212662861 16.2016412519 18.218442142 ]

H2, spin-free-orb
Singlet exci./eV: [15.3706891842 19.3403244307 22.3439352395 25.9656528017 25.9656528017 27.0226220121 27.0226220121 27.3431835678 29.5960612451]
Triplet exci./eV: [0. 0. 0. 0. 0. 0. 0. 0. 0.]

H2, spin-orb
Singlet exci./eV: [ 6.0126232264  7.5126636768  8.1305129854 10.2443865165 10.2443865165 11.3819601602 11.9594812307 11.9594812307 12.8203744106]
Triplet exci./eV: [ 8.2041737547 11.5872429102 13.924559151  15.0631407814 15.0631407814 15.7212662852 15.7212662852 16.2016412512 18.2184421406]

