4.597733103313181857e-01
4.597733103313181857e-01
4.613988633845315657e-01
4.613988633845315657e-01
5.522230337474270945e-01
5.522230337474270945e-01
5.540649944943026872e-01
5.540649944943026872e-01
5.566855541625126413e-01
5.566855541625126413e-01
5.594247016510507375e-01
5.594247016510507375e-01
5.834089957535241178e-01
5.834089957535241178e-01
6.069210137965506124e-01
6.069210137965506124e-01
6.083213085673113696e-01
6.083213085673113696e-01
6.095566850965989936e-01
6.095566850965989936e-01
6.101100290978301866e-01
6.101100290978301866e-01
6.112328414189697190e-01
6.112328414189697190e-01
6.150256333118220287e-01
6.150256333118220287e-01
6.158107908562223676e-01
6.158107908562223676e-01
7.493435445759681901e-01
7.493435445759681901e-01
7.758071580395081712e-01
7.758071580395081712e-01
7.890023504576403335e-01
7.890023504576403335e-01
7.890314994166194307e-01
7.890314994166194307e-01
7.916582784352431679e-01
7.916582784352431679e-01
7.973992772506107718e-01
7.973992772506107718e-01
7.974416213396054998e-01
7.974416213396054998e-01
7.986125774698517032e-01
7.986125774698517032e-01
8.177015808195663427e-01
8.177015808195663427e-01
8.192914301588198889e-01
8.192914301588198889e-01
8.417282914589663267e-01
8.417282914589663267e-01
8.447799915711068364e-01
8.447799915711068364e-01
8.665619433798380511e-01
8.665619433798380511e-01
8.836902096373666637e-01
8.836902096373666637e-01
8.956164188584112562e-01
8.956164188584112562e-01
9.149077454337233295e-01
9.149077454337233295e-01
9.363959687968047563e-01
9.363959687968047563e-01
9.874758630465861886e-01
9.874758630465861886e-01
1.221336141021187816e+00
1.221336141021187816e+00
1.221441648545416925e+00
1.221441648545416925e+00
1.221756151637551024e+00
1.221756151637551024e+00
1.233828162194644751e+00
1.233828162194644751e+00
1.233970698767068441e+00
1.233970698767068441e+00
1.234420964911751906e+00
1.234420964911751906e+00
1.274881788624338208e+00
1.274881788624338208e+00
1.284189854522883589e+00
1.284189854522883589e+00
1.299815796150424863e+00
1.299815796150424863e+00
1.301366137414301960e+00
1.301366137414301960e+00
1.316148038454006519e+00
1.316148038454006519e+00
1.319500838001733678e+00
1.319500838001733678e+00
1.319767984933492677e+00
1.319767984933492677e+00
1.319782363431575511e+00
1.319782363431575511e+00
1.324606743797642094e+00
1.324606743797642094e+00
1.325633602986040938e+00
1.325633602986040938e+00
1.342301125285917607e+00
1.342301125285917607e+00
1.344988623415248608e+00
1.344988623415248608e+00
1.347063388256893202e+00
1.347063388256893202e+00
1.353876638817089084e+00
1.353876638817089084e+00
1.354229284057919980e+00
1.354229284057919980e+00
1.354268587904528420e+00
1.354268587904528420e+00
1.362165183982613215e+00
1.362165183982613215e+00
1.366004100112503394e+00
1.366004100112503394e+00
1.458212635380261579e+00
1.458212635380261579e+00
1.460007507196037890e+00
1.460007507196037890e+00
1.495316765002811632e+00
1.495316765002811632e+00
1.500846121041848003e+00
1.500846121041848003e+00
1.602789757525215908e+00
1.602789757525215908e+00
1.656787923022251086e+00
1.656787923022251086e+00
2.118382486885836968e+00
2.118382486885836968e+00
2.118382486885840077e+00
2.118382486885840077e+00
2.118382486885840077e+00
2.118382486885840077e+00
2.118382486885843186e+00
2.118382486885843186e+00
2.122981834642895915e+00
2.122981834642895915e+00
2.125493548800708954e+00
2.125493548800708954e+00
2.125493548800710730e+00
2.125493548800710730e+00
2.125493548800712951e+00
2.125493548800712951e+00
2.125493548800713839e+00
2.125493548800713839e+00
2.132121983481667815e+00
2.132121983481667815e+00
2.176718221721100743e+00
2.176718221721100743e+00
2.181741674478497650e+00
2.181741674478497650e+00
2.352683695792945784e+00
2.352683695792945784e+00
2.352762144301825398e+00
2.352762144301825398e+00
2.355819986253604448e+00
2.355819986253604448e+00
2.355819986253611553e+00
2.355819986253611553e+00
2.355819986253614662e+00
2.355819986253614662e+00
2.355819986253614662e+00
2.355819986253614662e+00
2.364271235593604636e+00
2.364271235593604636e+00
2.370610058954739863e+00
2.370610058954739863e+00
2.370721748168886922e+00
2.370721748168886922e+00
2.375045403876995920e+00
2.375045403876995920e+00
2.375045403876997696e+00
2.375045403876997696e+00
2.375045403876999917e+00
2.375045403876999917e+00
2.375045403877006134e+00
2.375045403877006134e+00
2.387258939302717486e+00
2.387258939302717486e+00
4.832213895157449812e+00
4.832213895157449812e+00
4.832222547978813232e+00
4.832222547978813232e+00
4.928775637476583427e+00
4.928775637476583427e+00
4.928781273662088402e+00
4.928781273662088402e+00
4.932189737268250163e+00
4.932189737268250163e+00
4.932197093484906425e+00
4.932197093484906425e+00
4.983365860426009597e+00
4.983365860426009597e+00
4.983372145615467375e+00
4.983372145615467375e+00
4.984428527338209847e+00
4.984428527338209847e+00
4.984726702300637413e+00
4.984726702300637413e+00
4.987885694773999568e+00
4.987885694773999568e+00
4.987893076223958388e+00
4.987893076223958388e+00
4.988815638370803995e+00
4.988815638370803995e+00
4.988823352251272603e+00
4.988823352251272603e+00
5.170341331412418917e+00
5.170341331412418917e+00
5.170390500392058719e+00
5.170390500392058719e+00
5.176121029740377466e+00
5.176121029740377466e+00
5.176121460543797959e+00
5.176121460543797959e+00
5.176183898461284905e+00
5.176183898461284905e+00
5.176184303178382073e+00
5.176184303178382073e+00
5.180546368342888286e+00
5.180546368342888286e+00
5.182565700075093318e+00
5.182565700075093318e+00
5.237057907231357667e+00
5.237057907231357667e+00
5.237065309444783878e+00
5.237065309444783878e+00
5.246202028880626145e+00
5.246202028880626145e+00
5.246240235866793000e+00
5.246240235866793000e+00
5.300130451901000406e+00
5.300130451901000406e+00
5.300442038511746112e+00
5.300442038511746112e+00
5.361285192254308107e+00
5.361285192254308107e+00
5.361809163259299460e+00
5.361809163259299460e+00
5.411833364122458967e+00
5.411833364122458967e+00
5.412271908458070158e+00
5.412271908458070158e+00
5.626021295576742354e+00
5.626021295576742354e+00
5.626188445745132327e+00
5.626188445745132327e+00
5.626198258653785089e+00
5.626198258653785089e+00
5.626365580516234033e+00
5.626365580516234033e+00
5.626839644355042580e+00
5.626839644355042580e+00
5.627005858999202026e+00
5.627005858999202026e+00
5.749265824100489475e+00
5.749265824100489475e+00
5.749462002546358086e+00
5.749462002546358086e+00
5.829608760258933486e+00
5.829608760258933486e+00
5.829744668944375263e+00
5.829744668944375263e+00
5.848438268161638476e+00
5.848438268161638476e+00
5.850654870706600619e+00
5.850654870706600619e+00
5.869574514454574121e+00
5.869574514454574121e+00
5.870721316239963627e+00
5.870721316239963627e+00
5.879543094550722770e+00
5.879543094550722770e+00
5.879974818468115316e+00
5.879974818468115316e+00
5.880030631003603681e+00
5.880030631003603681e+00
5.881599531644379653e+00
5.881599531644379653e+00
5.882029767021034417e+00
5.882029767021034417e+00
5.882085532438143360e+00
5.882085532438143360e+00
5.951332349687819878e+00
5.951332349687819878e+00
5.964601845786308587e+00
5.964601845786308587e+00
6.072396609370508180e+00
6.072396609370508180e+00
6.107207097739885349e+00
6.107207097739885349e+00
6.114336347089979640e+00
6.114336347089979640e+00
6.175152947523155689e+00
6.175152947523155689e+00
6.180434269647487433e+00
6.180434269647487433e+00
6.218322132394253465e+00
6.218322132394253465e+00
6.263269875293167921e+00
6.263269875293167921e+00
6.273292463774811978e+00
6.273292463774811978e+00
6.502880356363255565e+00
6.502880356363255565e+00
6.502880356363274217e+00
6.502880356363274217e+00
6.502880356363280434e+00
6.502880356363280434e+00
6.502880356363285763e+00
6.502880356363285763e+00
6.502884689438293897e+00
6.502884689438293897e+00
6.502884689438296562e+00
6.502884689438296562e+00
6.502884689438305443e+00
6.502884689438305443e+00
6.502884689438316101e+00
6.502884689438316101e+00
6.512778572137860600e+00
6.512778572137860600e+00
6.512779882974788492e+00
6.512779882974788492e+00
6.558360063035157950e+00
6.558360063035157950e+00
6.559997260395427077e+00
6.559997260395427077e+00
6.820437982237965713e+00
6.820437982237965713e+00
6.820584113370677493e+00
6.820584113370677493e+00
6.820634981750195003e+00
6.820634981750195003e+00
6.820781009522558058e+00
6.820781009522558058e+00
6.826228791173166499e+00
6.826228791173166499e+00
6.826228791173181598e+00
6.826228791173181598e+00
6.826228791173189592e+00
6.826228791173189592e+00
6.826228791173191368e+00
6.826228791173191368e+00
6.826421867874060467e+00
6.826421867874060467e+00
6.826421867874064020e+00
6.826421867874064020e+00
6.826421867874067573e+00
6.826421867874067573e+00
6.826421867874069349e+00
6.826421867874069349e+00
6.904803758337225261e+00
6.904803758337225261e+00
6.906988926472183543e+00
6.906988926472183543e+00
