2.824310340184335577e-01
2.824310340184351675e-01
2.824310340184351675e-01
3.166561413364873956e-01
3.553716923011768780e-01
3.553716923011770445e-01
3.553716923011770445e-01
4.105619896486467635e-01
4.105619896486469300e-01
4.105619896486470410e-01
4.771097822532654464e-01
4.771097822532656130e-01
4.771097822532656685e-01
4.771097822532662236e-01
4.771097822532665012e-01
4.771097822532665567e-01
4.903252254133376176e-01
4.965312215549672614e-01
4.965312215549673169e-01
4.965312215549673724e-01
4.965312215549679276e-01
4.965312215549679831e-01
4.965312215549680386e-01
5.024214279434120467e-01
5.024214279434126018e-01
5.024214279434128239e-01
5.438172667565837060e-01
5.438172667565845941e-01
5.438172667565845941e-01
5.760774370308692216e-01
6.105885374835459123e-01
6.105885374835465784e-01
6.783812799353516887e-01
6.783812799353527989e-01
6.943257357715491018e-01
8.359170110717261126e-01
